 -4.5000000e+001  1.0000000e-010
 -4.4000000e+001  1.0000000e-010
 -4.3000000e+001  1.0000000e-010
 -4.2000000e+001  1.0000000e-010
 -4.1000000e+001  1.0000000e-010
 -4.0000000e+001  6.7865626e-005
 -3.9000000e+001  2.2186839e-004
 -3.8000000e+001  2.5058077e-004
 -3.7000000e+001  3.2888726e-004
 -3.6000000e+001  4.7766960e-004
 -3.5000000e+001  5.4292501e-004
 -3.4000000e+001  6.6299496e-004
 -3.3000000e+001  7.9872621e-004
 -3.2000000e+001  1.0754092e-003
 -3.1000000e+001  1.2346324e-003
 -3.0000000e+001  1.5191459e-003
 -2.9000000e+001  2.0176973e-003
 -2.8000000e+001  2.4248910e-003
 -2.7000000e+001  3.2758216e-003
 -2.6000000e+001  3.7900342e-003
 -2.5000000e+001  4.7766960e-003
 -2.4000000e+001  5.7685782e-003
 -2.3000000e+001  7.1232805e-003
 -2.2000000e+001  8.9869750e-003
 -2.1000000e+001  1.0832398e-002
 -2.0000000e+001  1.2435071e-002
 -1.9000000e+001  1.5392446e-002
 -1.8000000e+001  1.8537757e-002
 -1.7000000e+001  2.1466420e-002
 -1.6000000e+001  2.5201639e-002
 -1.5000000e+001  2.9524158e-002
 -1.4000000e+001  3.3817964e-002
 -1.3000000e+001  3.9377724e-002
 -1.2000000e+001  4.4123098e-002
 -1.1000000e+001  4.9283496e-002
 -1.0000000e+001  5.4389079e-002
 -9.0000000e+000  5.9570358e-002
 -8.0000000e+000  6.4490616e-002
 -7.0000000e+000  6.8844457e-002
 -6.0000000e+000  7.2013260e-002
 -5.0000000e+000  7.3302707e-002
 -4.0000000e+000  7.1084023e-002
 -3.0000000e+000  6.6779776e-002
 -2.0000000e+000  5.9087468e-002
 -1.0000000e+000  4.8709248e-002
  0.0000000e+000  1.6392159e-002
  1.0000000e+000  1.0000000e-010
  2.0000000e+000  1.0000000e-010
  3.0000000e+000  1.0000000e-010
  4.0000000e+000  1.0000000e-010
  5.0000000e+000  1.0000000e-010
