  0.0000000e+000  2.2925581e+000
  2.0000000e-001  2.3507252e+000
  4.0000000e-001  3.1054003e-001
  6.0000000e-001  2.5525972e-002
  8.0000000e-001  1.1163869e-002
  1.0000000e+000  5.2106042e-003
  1.2000000e+000  2.3357881e-003
  1.4000000e+000  1.2098185e-003
  1.6000000e+000  5.0309282e-004
  1.8000000e+000  1.1978401e-004
  2.0000000e+000  7.1870403e-005
  2.2000000e+000  2.3956801e-005
  2.4000000e+000  1.1978401e-005
  2.6000000e+000  1.0000000e-010
  2.8000000e+000  1.0000000e-010
  3.0000000e+000  1.0000000e-010
  3.2000000e+000  1.0000000e-010
  3.4000000e+000  1.0000000e-010
  3.6000000e+000  1.0000000e-010
  3.8000000e+000  1.0000000e-010
  4.0000000e+000  1.0000000e-010
  4.2000000e+000  1.0000000e-010
  4.4000000e+000  1.0000000e-010
  4.6000000e+000  1.0000000e-010
  4.8000000e+000  1.0000000e-010
  5.0000000e+000  1.0000000e-010
  5.2000000e+000  1.0000000e-010
  5.4000000e+000  1.0000000e-010
  5.6000000e+000  1.0000000e-010
  5.8000000e+000  1.0000000e-010
  6.0000000e+000  1.0000000e-010
  6.2000000e+000  1.0000000e-010
  6.4000000e+000  1.0000000e-010
  6.6000000e+000  1.0000000e-010
  6.8000000e+000  1.0000000e-010
  7.0000000e+000  1.0000000e-010
  7.2000000e+000  1.0000000e-010
  7.4000000e+000  1.0000000e-010
  7.6000000e+000  1.0000000e-010
  7.8000000e+000  1.0000000e-010
  8.0000000e+000  1.0000000e-010
  8.2000000e+000  1.0000000e-010
  8.4000000e+000  1.0000000e-010
  8.6000000e+000  1.0000000e-010
  8.8000000e+000  1.0000000e-010
  9.0000000e+000  1.0000000e-010
  9.2000000e+000  1.0000000e-010
  9.4000000e+000  1.0000000e-010
  9.6000000e+000  1.0000000e-010
  9.8000000e+000  1.0000000e-010
  1.0000000e+001  1.0000000e-010
